----------Линейная регрессия sklearn----------
sklearn_slope: 949.44
sklearn_intercept: 152.13

Метрики: 
sklearn_MAE: 51.798627639533656
sklearn_R2: 0.3439237602253802
sklearn_MAPE: 0.4768737307027122


----------Линейная регрессия----------
my_slope: 949.44
my_intercept: 152.13

Метрики: 
my_MAE: 51.798627639533656
my_R2: 0.3439237602253802
my_MAPE: 0.4768737307027122