precision: 0.7931034482758621
recall: 0.92
f1: 0.8518518518518519
