precision: 0.6756756756756757
recall: 1.0
f1: 0.8064516129032258
