precision: 0.7241379310344828
recall: 0.84
f1: 0.7777777777777778
